id;name
1;facilitate Tasty Concrete Chips Exclusive
2;Buckinghamshire capability zero tolerance
3;mission-critical
4;Berkshire Small Plastic Pants Investor
5;Canadian Dollar
6;Berkshire Designer
7;Credit Card Account
8;navigate
9;Re-contextualized
10;web-enabled invoice withdrawal
